HQ Workspaces, Inc.: [(0.2483, 0.4965), (1.7716, 0.5013), (1.7716, 0.6732), (0.2483, 0.6684)]
MODULAR: [(5.3913, 0.5777), (7.4685, 0.5777), (7.4685, 0.9214), (5.3913, 0.9262)]
2903 NW 21st Ave: [(0.2388, 0.7591), (1.1461, 0.7591), (1.1461, 0.8689), (0.2388, 0.8737)]
Fort Lauderdale, FL 33311: [(0.234, 0.931), (1.5567, 0.9262), (1.5615, 1.0503), (0.234, 1.0551)]
OFFICE ENVIRONMENTS: [(5.3817, 0.9358), (7.4685, 0.9358), (7.4685, 1.122), (5.3817, 1.122)]
+1 9547351183: [(0.2435, 1.1172), (1.0219, 1.1124), (1.0219, 1.2174), (0.2435, 1.2174)]
info@hqworkspaces.com: [(0.234, 1.2938), (1.4612, 1.2938), (1.4612, 1.4084), (0.234, 1.4084)]
www.ModularOfficeEnvironments.com: [(0.2292, 1.4657), (2.0534, 1.4657), (2.0534, 1.5851), (0.2292, 1.5851)]
Purchase Order: [(0.2435, 2.0434), (1.5806, 2.0434), (1.5806, 2.2296), (0.2435, 2.2296)]
VENDOR: [(0.2388, 2.3872), (0.7879, 2.3824), (0.7879, 2.5113), (0.2388, 2.5161)]
SHIP TO: [(3.2329, 2.3824), (3.7486, 2.3824), (3.7486, 2.5208), (3.2329, 2.5161)]
P.O.: [(6.2365, 2.3776), (6.4944, 2.3776), (6.4992, 2.5352), (6.2317, 2.5304)]
KO9045: [(7.1343, 2.3872), (7.6261, 2.3872), (7.6261, 2.5208), (7.1343, 2.5208)]
Corp Design: [(0.2388, 2.5829), (0.9551, 2.5877), (0.9551, 2.7357), (0.2388, 2.7261)]
HQ Workspaces, Inc.: [(3.2424, 2.5781), (4.4267, 2.5829), (4.4267, 2.7309), (3.2424, 2.7261)]
DATE: [(6.2365, 2.5877), (6.5708, 2.5829), (6.5708, 2.7166), (6.2365, 2.707)]
06/20/2024: [(7.1343, 2.5829), (7.7885, 2.5829), (7.7885, 2.7118), (7.1343, 2.707)]
6574 N State Rd 7 Suite 131: [(0.2435, 2.7548), (1.8624, 2.7548), (1.8624, 2.9171), (0.2435, 2.9171)]
2903 NW 21st Ave: [(3.2329, 2.7691), (4.293, 2.7691), (4.293, 2.9028), (3.2329, 2.898)]
Coconut Creek, FL 33073 US: [(0.2292, 2.9553), (1.9579, 2.9505), (1.9579, 3.0938), (0.2292, 3.0985)]
Fort Lauderdale, FL 33311 US: [(3.2424, 2.9505), (4.9949, 2.9457), (4.9949, 3.0985), (3.2424, 3.1033)]
PROJECT MANAGER: [(0.2435, 3.3516), (1.509, 3.3516), (1.509, 3.4852), (0.2435, 3.49)]
PROJECT PO NUMBER: [(3.2185, 3.3516), (4.6129, 3.3516), (4.6129, 3.4852), (3.2185, 3.4852)]
CLIENT REP: [(6.1601, 3.3563), (6.9098, 3.3563), (6.9098, 3.4852), (6.1601, 3.4852)]
Karen Ota: [(0.2388, 3.5139), (0.8166, 3.5139), (0.8166, 3.638), (0.2388, 3.638)]
KO9045: [(3.2138, 3.5139), (3.7008, 3.5139), (3.7008, 3.638), (3.2138, 3.6332)]
Raquel Ramirez: [(6.1601, 3.5091), (7.1008, 3.5139), (7.1008, 3.6523), (6.1601, 3.6476)]
ITEM: [(0.2865, 3.9484), (0.6017, 3.9484), (0.6017, 4.0629), (0.2865, 4.0582)]
DESCRIPTION: [(1.4851, 3.9197), (2.3542, 3.9197), (2.3542, 4.082), (1.4851, 4.0868)]
QTY: [(5.6205, 3.9245), (5.8879, 3.9245), (5.8879, 4.0868), (5.6157, 4.0868)]
RATE: [(6.6663, 3.9436), (6.9958, 3.9388), (7.0006, 4.0677), (6.6663, 4.0629)]
AMOUNT: [(7.6357, 3.9388), (8.2087, 3.9388), (8.2087, 4.0677), (7.6357, 4.0629)]
Furniture New: [(0.2961, 4.273), (1.1461, 4.273), (1.1461, 4.4162), (0.2961, 4.4162)]
CORP DESIGN: [(1.4899, 4.2682), (2.4593, 4.2682), (2.4593, 4.4115), (1.4899, 4.4115)]
20: [(5.7112, 4.2778), (5.8831, 4.2778), (5.8784, 4.4115), (5.7112, 4.4067)]
195.50: [(6.5899, 4.2682), (7.0053, 4.2682), (7.0053, 4.4162), (6.5899, 4.4115)]
3,910.00: [(7.6596, 4.273), (8.2039, 4.2778), (8.2039, 4.4162), (7.6596, 4.4162)]
ZETTI HIGH BACK: [(1.4899, 4.4401), (2.6885, 4.4401), (2.6885, 4.5786), (1.4899, 4.5833)]
CD-309HS: [(1.4899, 4.612), (2.1441, 4.612), (2.1441, 4.7409), (1.4899, 4.7409)]
Sand Bonded Leather WITH Chrome Cast Aluminum Arm: [(1.4899, 4.76), (4.9424, 4.7648), (4.9424, 4.9175), (1.4899, 4.9175)]
Reinforced cast aluminum base: [(1.4851, 4.9319), (3.5051, 4.9319), (3.5051, 5.0894), (1.4851, 5.0846)]
Twin wheel Carpet Castors: [(1.4899, 5.1037), (3.1087, 5.1037), (3.1087, 5.2565), (1.4899, 5.2517)]
spiff to ko 50/20/15: [(1.4851, 5.4475), (2.7171, 5.4332), (2.7219, 5.5812), (1.4851, 5.5955)]
Furniture New: [(0.2865, 5.7101), (1.1461, 5.7101), (1.1461, 5.8533), (0.2865, 5.8533)]
ZETTI HIGH BACK: [(1.4756, 5.6957), (2.6933, 5.6957), (2.6933, 5.8581), (1.4756, 5.8628)]
380: [(5.6396, 5.7148), (5.8831, 5.7148), (5.8831, 5.8485), (5.6444, 5.8485)]
185.00: [(6.5803, 5.7005), (7.0006, 5.7005), (7.0053, 5.8581), (6.5756, 5.8581)]
70,300.00: [(7.5927, 5.7053), (8.2039, 5.7101), (8.2039, 5.8581), (7.5927, 5.8581)]
CD-309HS: [(1.4947, 5.8724), (2.1298, 5.8724), (2.1298, 6.0156), (1.4947, 6.0156)]
Sand Bonded Leather NO Arms: [(1.4851, 6.0443), (3.3904, 6.0443), (3.3904, 6.1875), (1.4851, 6.1875)]
Reinforced cast aluminum base: [(1.4899, 6.2114), (3.5051, 6.2114), (3.5051, 6.3594), (1.4899, 6.3594)]
Twin wheel Carpet Castors: [(1.4851, 6.3689), (3.1087, 6.3737), (3.1087, 6.5265), (1.4851, 6.5217)]
CONTAINER PRICING ONLY FOR MINIMUM OF #400: [(1.4851, 6.536), (4.8756, 6.536), (4.8756, 6.684), (1.4851, 6.684)]
50% deposit to commence order: [(1.4851, 6.8655), (3.4669, 6.8702), (3.4669, 7.0326), (1.4851, 7.0278)]
14-18 weeks after receipt of deposit: [(1.5042, 7.0421), (3.6579, 7.0469), (3.6579, 7.1997), (1.5042, 7.1901)]
Service: [(0.2913, 7.3095), (0.764, 7.2999), (0.7688, 7.467), (0.2913, 7.4718)]
Receive Container at MOE Warehouse - Oakland Park, FL.: [(1.4899, 7.3095), (5.057, 7.3095), (5.057, 7.4622), (1.4899, 7.4622)]
1: [(5.802, 7.319), (5.8879, 7.3142), (5.8879, 7.4479), (5.8115, 7.4479)]
0.00: [(6.714, 7.3142), (7.0053, 7.3142), (7.0053, 7.4575), (6.714, 7.4527)]
0.00: [(7.9174, 7.3142), (8.2039, 7.3142), (8.2039, 7.4575), (7.9174, 7.4527)]
Furniture New: [(0.2961, 7.5864), (1.1461, 7.5864), (1.1413, 7.7296), (0.2961, 7.7248)]
CORP DESIGN: [(1.4899, 7.5816), (2.4593, 7.5816), (2.4593, 7.7248), (1.4899, 7.7296)]
10: [(5.7351, 7.5911), (5.8831, 7.5864), (5.8879, 7.7248), (5.7399, 7.7153)]
ZETTI HIGH BACK: [(1.4851, 7.7392), (2.6933, 7.7344), (2.6933, 7.8919), (1.4851, 7.9015)]
195.50: [(6.5803, 7.5816), (7.0149, 7.5816), (7.0149, 7.7344), (6.5756, 7.7392)]
1,955.00: [(7.6787, 7.5864), (8.2039, 7.5816), (8.2039, 7.7344), (7.6787, 7.7392)]
CD-309HS: [(1.4947, 7.9158), (2.1441, 7.9158), (2.1441, 8.059), (1.4947, 8.059)]
Black Bonded Leather WITH Chrome Cast Aluminum Arm: [(1.4851, 8.0781), (4.9854, 8.0781), (4.9854, 8.2309), (1.4851, 8.2309)]
Reinforced cast aluminum base: [(1.4851, 8.25), (3.5003, 8.25), (3.5003, 8.398), (1.4851, 8.398)]
Twin wheel Carpet Castors: [(1.4899, 8.4171), (3.1039, 8.4219), (3.0992, 8.5747), (1.4899, 8.5699)]
spiff to ko: [(1.4899, 8.7656), (2.1107, 8.7561), (2.1107, 8.8993), (1.4899, 8.9089)]
TOTAL: [(4.1258, 9.2383), (4.5747, 9.2383), (4.5747, 9.3815), (4.1258, 9.3815)]
$76,165.00: [(7.5163, 9.2383), (8.2039, 9.2335), (8.2039, 9.3863), (7.5163, 9.3911)]
Approved By: [(0.2292, 9.9688), (0.9885, 9.9735), (0.9885, 10.1359), (0.2292, 10.1311)]
Page 1 of 2: [(3.8537, 10.6228), (4.632, 10.6181), (4.632, 10.7852), (3.8537, 10.7899)]
Date: [(0.2435, 0.7257), (0.5253, 0.7257), (0.5253, 0.8546), (0.2435, 0.8498)]
Page 2 of 2: [(3.8632, 10.6228), (4.6272, 10.6228), (4.6272, 10.7852), (3.8632, 10.7852)]
